55.10146799111 -48.46266203852 4.49645530844999 5 1 r.bankssts
4.70231800774 18.150872254 26.06975464107 2 1 r.caudalanteriorcingulate
37.79588422968 0.100424323869991 44.05088953703 1 1 r.caudalmiddlefrontal
35.60916666673 -7.67149141894 3.06338379551999 2 1 r.insula
6.68956659617001 -80.15920283541 26.02539929934 3 1 r.cuneus
22.54272241987 -14.44640348545 -29.16218656512 5 1 r.entorhinal
31.38337837844 -48.92542190849 -16.11677114814 5 1 r.fusiform
39.21852426419 -72.10514782665 33.22329573047 4 1 r.inferiorparietal
46.77523223086 -39.85060557859 -19.38153162059 5 1 r.inferiortemporal
5.73920074357 -50.37334259022 20.60562753484 2 1 r.isthmuscingulate
29.47154639178 -91.23100652313 4.88005285964999 3 1 r.lateraloccipital
22.1290295749 22.99036807902 -13.51131135703 1 1 r.lateralorbitofrontal
10.64081661886 -77.30524538925 -0.243479668220007 3 1 r.lingual
5.5467624521 31.42539332677 -12.38886604869 1 1 r.medialorbitofrontal
57.51796784393 -35.6194074982 -10.31148635865 5 1 r.middletemporal
21.06757197706 -38.47186915853 -12.82617861427 2 1 r.parahippocampal
6.58004393667 -35.12282024958 56.89948684581 1 1 r.paracentral
44.10786493868 9.11333638346 14.22983471917 1 1 r.parsopercularis
40.69331168825 29.02486240167 -10.01733099357 1 1 r.parsorbitalis
42.68887096769 19.05721263223 4.04775488824 1 1 r.parstriangularis
8.79751700672 -84.83554576151 12.30608273557 3 1 r.pericalcarine
44.9768146718 -27.70542073853 41.17916602288 4 1 r.postcentral
5.00353896096 -23.461403832 39.4326365389 2 1 r.posteriorcingulate
39.26804347817 -15.15336024514 41.60574658096 1 1 r.precentral
8.68821070231001 -61.04185522845 38.82596397219 4 1 r.precuneus
5.15298387098001 33.97777714836 5.17920650114999 2 1 r.rostralanteriorcingulate
29.69588039289 36.08855534145 20.19415852701 1 1 r.rostralmiddlefrontal
10.851275915 18.40938615026 45.60352740567 1 1 r.superiorfrontal
23.38215639817 -65.6669182347 48.952449889 4 1 r.superiorparietal
52.84761796034 -20.16295234067 -2.37230697648 5 1 r.superiortemporal
54.27477236635 -42.71027485909 28.01683564433 4 1 r.supramarginal
7.58483193273 58.44452626732 -8.94061594391001 1 1 r.frontalpole
27.57426406932 3.33291434987001 -32.4784565348 5 1 r.temporalpole
45.20966321245 -24.24489333478 6.94320867392999 5 1 r.transversetemporal
-55.17970824957 -43.31735087788 10.56828451767 5 1 l.bankssts
-4.03886422982999 14.95267292013 30.10920523769 2 1 l.caudalanteriorcingulate
-38.72493874425 10.29271626302 41.14271116938 1 1 l.caudalmiddlefrontal
-35.64377789589 -7.26960852595 3.47680428650999 2 1 l.insula
-7.03210073709 -80.71657669967 23.3035605473 3 1 l.cuneus
-18.5067154811 -11.6937389132 -28.68709461918 5 1 l.entorhinal
-31.15092755206 -47.85771247674 -16.10813017253 5 1 l.fusiform
-43.60285764626 -67.59496745837 30.8657798491 4 1 l.inferiorparietal
-48.98027874573 -36.58604352162 -16.82898446208 5 1 l.inferiortemporal
-6.10865079368999 -48.0910106142 21.73542513904 2 1 l.isthmuscingulate
-32.39153126424 -85.68327999906 3.18603318204999 3 1 l.lateraloccipital
-21.84661557579 23.11563527434 -12.28141367156 1 1 l.lateralorbitofrontal
-10.84837016577 -70.6257137624 1.11418511457999 3 1 l.lingual
-4.14282608693999 38.61809221537 -7.67510626185 1 1 l.medialorbitofrontal
-56.00899132321 -32.14515774079 -8.24310824237 5 1 l.middletemporal
-20.49248110832 -36.11143122916 -13.27168933044 2 1 l.parahippocampal
-7.05720028200999 -30.14993509974 58.32714430532 1 1 l.paracentral
-43.82720338975 7.50395037597 14.30324058172 1 1 l.parsopercularis
-40.24440334135 30.54473284162 -8.32276632206001 1 1 l.parsorbitalis
-45.99020661152 22.39303241346 7.11990631450999 1 1 l.parstriangularis
-10.21456521735 -83.4054412559 11.52682610523 3 1 l.pericalcarine
-42.89415764132 -26.87985308734 44.48070391962 4 1 l.postcentral
-4.57472742762999 -21.08926755684 38.80600624831 2 1 l.posteriorcingulate
-40.27644900792 -13.04824459279 42.87363874731 1 1 l.precentral
-9.25622331219 -60.27632793712 37.39916303743 4 1 l.precuneus
-4.41011111108999 32.50759256037 10.25942513904 2 1 l.rostralanteriorcingulate
-29.21516441009 37.99784250674 15.37124181661 1 1 l.rostralmiddlefrontal
-12.58537346319 19.13656402874 46.15617670485 1 1 l.superiorfrontal
-21.95498248695 -66.57287465105 49.45220661407 4 1 l.superiorparietal
-50.15124044824 -13.14053604095 -4.36730763958 5 1 l.superiortemporal
-52.96965753427 -38.33941879661 35.04307763889 4 1 l.supramarginal
-6.13128318575999 60.83100652313 -5.89061222560001 1 1 l.frontalpole
-26.182890625 6.66360124101 -33.62714430532 5 1 l.temporalpole
-43.64464028786 -24.61020440191 11.4675274573 5 1 l.transversetemporal
